1701959380 63 6711427072
1701959395 63 6714748928
1701959400 63 6728491008
1701959405 63 6664806400
1701959410 63 6662787072
1701959415 63 6662471680
1701959420 63 6662823936
1701959425 63 6663053312
1701959430 63 6663696384
1701959435 63 6662201344
1701959440 63 6658588672
1701959445 63 6657679360
1701959450 63 6657130496
1701959455 63 6655385600
1701959460 63 6627999744
1701959465 63 6628438016
1701959470 63 6628548608
1701959475 63 6640648192
1701959480 62 6632685568
1701959485 62 6662844416
1701959490 62 6661521408
1701959495 62 6636257280
1701959500 62 6635139072
1701959505 62 6635253760
1701959510 62 6635905024
1701959515 62 6637977600
1701959520 62 6638243840
1701959525 62 6638772224
1701959530 62 6638350336
1701959535 62 6636224512
1701959540 62 6637445120
1701959545 62 6565330944
1701959550 62 6564888576
1701959555 62 6565126144
1701959560 62 6564593664
1701959565 62 6564036608
1701959570 62 6563729408
1701959575 62 6562222080
1701959876 61 6085672960
1701960230 59 6012866560
1701960247 59 6015152128
1701960263 59 5984972800
1701960272 59 5951655936
1701960318 59 5994758144
1701960332 59 5996564480
1701960345 59 5994815488
1701960362 58 5912895488
1701960379 58 5921673216
1701960400 58 5878943744
1701960459 58 5821288448
1701960566 58 5903507456
1701960591 57 5822275584
1701960604 57 5845356544
1701960615 57 5825241088
1701960629 57 5833416704
1701960639 57 5837582336
1701960650 57 5840621568
1701960659 57 5839667200
1701961957 51 6363725824
1701962222 49 6333960192
1701962238 49 6346756096
1701962254 49 6283550720
1701962284 49 6233608192
1701962289 49 6232055808
1701962294 49 6231826432
1701962299 49 6236311552
1701962304 49 6236205056
1701962309 49 6235942912
1701962314 49 6235942912
1701963187 45 5932883968
1701963267 44 5950332928
1701963386 44 5942693888
1701963413 43 5938225152
1702047738 68 11125231616
1702047776 69 10580004864
1702047781 69 10333687808
1702047786 69 10236440576
1702047791 69 10230054912
1702047796 69 6999064576
1702047801 69 6998306816
1702047806 69 6997602304
1702047811 69 6158340096
1702047816 69 6146052096
1702047821 69 6134505472
1702047826 70 6145728512
1702047831 70 6130929664
1702047836 70 6144212992
1702047841 70 6130044928
1702054501 100 6367944704
1702054752 100 6303068160
1702054791 100 6529945600
1702054826 100 6561824768
1702054987 100 6585942016
1702055087 100 6740209664
1702055147 100 6598680576
1702055323 100 6785093632
1702055354 100 6783496192
1702055372 100 6788059136
1702055387 100 6783381504
1702055484 100 6742081536
1702055579 100 6852120576
1702055668 100 6842707968
1702055717 100 6766211072
1702055734 100 6614700032
1702055797 100 6789988352
1702055893 100 6791847936
1702055950 100 6807121920
1702055976 100 6811201536
1702056018 100 6837428224
1702056023 100 6686621696
1702056159 100 6825017344
1702056210 100 6790828032
1702056214 100 6760161280
1702056280 100 6720659456
1702056340 100 6645383168
1702056400 100 6625648640
1702056460 100 7032664064
1702056690 100 6874886144
1702056707 100 6751379456
1702056758 100 6941622272
1702056769 100 6905479168
1702056774 100 6852444160
1702056779 100 6779920384
1702056872 100 6734643200
1702056904 100 6701363200
1702057154 100 6564384768
1702057442 100 6199074816
1702057505 100 6372757504
1702057551 99 6340034560
1702057556 99 6279151616
1702057561 99 6259621888
1702057566 99 6260211712
1702057571 99 6255902720
1702057576 99 6255747072
1702057581 99 6255349760
1702057586 99 6257713152
1702057591 99 6266642432
1702057596 99 6265970688
1702057601 99 6267498496
1702057606 99 6257434624
1702057611 99 6260776960
1702057616 99 6264102912
1702057621 99 6260330496
1702057626 99 6326337536
1702057631 99 6290255872
1702057636 99 6290612224
1702057641 99 6262235136
1702057646 99 6262272000
1702057651 99 6262464512
1702057656 99 6486069248
1702057661 99 6464081920
1702057666 99 6463197184
1702057671 99 6535720960
1702057676 99 6514184192
1702057681 99 6546993152
1702057686 99 6528884736
1702057691 99 6525235200
1702057696 99 6637031424
1702057701 99 6625931264
1702057739 99 6512594944
1702057744 99 7290544128
1702057749 99 7620141056
1702057754 99 7783723008
1702057760 99 8438898688
1702057764 99 9527828480
1702057769 99 9789206528
1702057774 99 10597142528
1702057779 99 10622599168
1702057784 99 10648031232
1702057789 99 10837757952
1702057794 99 10983383040
1702057799 99 11045830656
1702057804 99 10911514624
1702057809 99 11469402112
1702057814 99 11903746048
1702057819 99 12424069120
1702057824 99 12619292672
1702057829 99 13062385664
1702057834 99 13079891968
1702057839 99 13063729152
1702057844 99 12831678464
1702057849 99 12775530496
1702057854 99 12796579840
1702057859 99 12448583680
1702057864 99 11830431744
1702057869 99 11112677376
1702057874 99 6269329408
1702057879 99 6269308928
1702057884 99 6270205952
1702057889 99 6272970752
1702057894 99 6260125696
1702057899 99 6258524160
1702057904 99 6258933760
1702057909 99 6259060736
1702057914 99 6257614848
1702057919 99 6260498432
1702057924 99 6255996928
1702057929 99 6257008640
1702057934 99 6256820224
1702057939 99 6256926720
1702059219 99 6394372096
1702062230 99 6519771136
1702062420 99 6555926528
1702062556 99 6568202240
1702062997 99 6704427008
1702063406 99 6972329984
1702063465 99 7027302400
1702063526 99 6941601792
1702063586 99 6890250240
1702063646 99 6886834176
1702063706 99 6875561984
1702063765 99 6881529856
1702063825 99 6853701632
1702063885 99 6798979072
1702063946 99 6808571904
1702064006 99 6804488192
1702064042 99 6866415616
1702064105 99 6883659776
1702064156 99 6884999168
1702065193 99 6584848384
1702065200 99 6590431232
1702065205 99 6589456384
1702065280 99 6624915456
1702065294 99 6632476672
1702065299 99 6584709120
1702065304 99 6565715968
1702065309 99 6563184640
1702066039 99 6403162112
1702066064 99 6369091584
1702066069 99 6366879744
1702066074 99 6367784960
1702066079 99 6367617024
1702066084 99 6368022528
1702066089 99 6367444992
1702066094 99 6367760384
1702066099 99 6368858112
1702066104 99 6368337920
1702066109 99 6359535616
1702125067 58 7265628160
1702125287 57 7294468096
1702125381 57 7464366080
1702125441 56 7422210048
1702125501 56 7338639360
1702125561 56 7345827840
1702125575 55 7352619008
1702125580 55 7350628352
1702125585 55 7349829632
1702125590 55 7349051392
1702125595 55 7350329344
1702125600 55 7351554048
1702125605 55 7351812096
1702125610 55 7351394304
1702125615 55 7352143872
1702125620 55 7351414784
1702125625 55 7353147392
1702125630 55 7353774080
1702125635 55 7379705856
1702125640 55 7346880512
1702125645 55 7379607552
1702125650 55 7365128192
1702125655 55 7352086528
1702125660 55 7353708544
1702125665 55 7352651776
1702125670 55 7352889344
1702125675 55 7345934336
1702125680 55 7393132544
1702125685 55 7440957440
1702125690 55 7419486208
1702125695 55 7453564928
1702125700 55 7456178176
1702125705 55 7455219712
1702125710 55 7448813568
1702125715 55 7448518656
1702125720 55 7449067520
1702125725 55 7444832256
1702125730 55 7439388672
1702125735 55 7442288640
1702125740 55 7471996928
1702125745 55 7470948352
1702125750 54 7480504320
1702125755 54 7574925312
1702125760 54 7405924352
1702125765 54 7361085440
1702125770 54 7360364544
1702125775 54 7359823872
1702125780 54 7329333248
1702125785 54 7324762112
1702125790 54 7290195968
1702125795 54 7284154368
1702125800 54 7258980352
1702125805 54 7259131904
1702125810 54 7258087424
1702125815 54 7259881472
1702125820 54 7259639808
1702125825 54 7260123136
1702125830 54 7260577792
1702125835 54 7270801408
1702125840 54 7271137280
1702125845 54 7272857600
1702125850 54 7315177472
1702125855 54 7316725760
1702125860 54 7354535936
1702125865 54 7337467904
1702125870 54 7345205248
1702125875 54 7329091584
1702125880 54 7328870400
1702125885 54 7329427456
1702125890 54 7329705984
1702125895 54 7330430976
1702125900 54 7331069952
1702125905 53 7329812480
1702125910 53 7309373440
1702125915 53 7308374016
1702125920 53 7312330752
1702125925 53 7303151616
1702125930 53 7303729152
1702125935 53 7302422528
1702125940 53 7283908608
1702125945 53 7284371456
1702125950 53 7284887552
1702125955 53 7286054912
1702125960 53 7287816192
1702125965 53 7294451712
1702125970 53 7221436416
1702125975 53 7232860160
1702125980 53 7228325888
1702125985 53 7203659776
1702125990 53 7205310464
1702125995 53 7206731776
1702126000 53 7206359040
1702126005 53 7205744640
1702126010 53 7205982208
1702126015 53 7220736000
1702126020 53 7220879360
1702126025 53 7211737088
1702126030 53 7321665536
1702126035 53 7397576704
1702126040 53 7598505984
1702126045 53 7597178880
1702126050 53 7327264768
1702126055 53 7266844672
1702126060 52 7267991552
1702126065 52 7268814848
1702126070 52 7269937152
1702126075 52 7271247872
1702126080 52 7245819904
1702126085 52 7244877824
1702126090 52 7244963840
1702126095 52 7245488128
1702126100 52 7176871936
1702126105 52 7174864896
1702126110 52 7158304768
1702126115 52 7173029888
1702126120 52 7154696192
1702126125 52 7165882368
1702126130 52 7151800320
1702126135 52 7150870528
1702126140 52 7137722368
1702126145 52 7137247232
1702126150 52 7137284096
1702126155 52 7226773504
1702126160 52 7240044544
1702126165 52 7354740736
1702126170 52 7350665216
1702126175 52 7600648192
1702126180 52 7600152576
1702126185 52 7483887616
1702126190 52 7359881216
1702126195 52 7369142272
1702126200 52 7369891840
1702126205 52 7313068032
1702126210 52 7313006592
1702126215 51 7314186240
1702126220 51 7519555584
1702126225 51 7456006144
1702126230 51 7456247808
1702126235 51 7458324480
1702126240 51 7408508928
1702126245 51 7410688000
1702126250 51 7399370752
1702126255 51 7397359616
1702126260 51 7397941248
1702126265 51 7398940672
1702126270 51 7394865152
1702126275 51 7393890304
1702126280 51 7376596992
1702126285 51 7375360000
1702126290 51 7374438400
1702126295 51 7377235968
1702126300 51 7376871424
1702126305 51 7377186816
1702126310 51 7378944000
1702126315 51 7379406848
1702126320 51 7379247104
1702126325 51 7381680128
1702126330 51 7380783104
1702126335 51 7382503424
1702126340 51 7383822336
1702126345 51 7388553216
1702126350 51 7388549120
1702126355 51 7380045824
1702126360 51 7380496384
1702126365 50 7381045248
1702126370 50 7381237760
1702126375 50 7380176896
1702126380 50 7381966848
1702126385 50 7382224896
1702126390 50 7404683264
1702126395 50 7383326720
1702126400 50 7398092800
1702126405 50 7329054720
1702126410 50 7326359552
1702126415 50 7326973952
1702126420 50 7332052992
1702126425 50 7332884480
1702126430 50 7333097472
1702126435 50 7333998592
1702126440 50 7335325696
1702126445 50 7333306368
1702126450 50 7352832000
1702126455 50 7351218176
1702126460 50 7350599680
1702126465 50 7350538240
1702126470 50 7348961280
1702126475 50 7350472704
1702126480 50 7350214656
1702126485 50 7352201216
1702126490 50 7348473856
1702126495 50 7368814592
1702126500 50 7370698752
1702126505 50 7373307904
1702126510 50 7372836864
1702126515 50 7373529088
1702126520 49 7372558336
1702126525 49 7389724672
1702126530 49 7391797248
1702126535 49 7475085312
1702126544 49 7479869440
1702126549 49 7485362176
1702126554 49 7486619648
1702126559 49 7436177408
1702126564 49 7437942784
1702126926 47 7371771904
1702126986 46 7410315264
1702127046 46 7348768768
1702127106 46 7432839168
1702127166 45 7434186752
1702127226 45 7441821696
1702127286 45 7456485376
1702127346 44 7430098944
1702127406 44 7433359360
1702127466 43 7424507904
1702127526 43 7386501120
1702127586 43 7565705216
1702127646 42 7477559296
1702127706 42 7511281664
1702127766 41 7469387776
1702127826 41 7457964032
1702127886 41 7471058944
1702127946 40 7215091712
1702128006 40 7246127104
1702128066 39 7199186944
1702128126 39 7234109440
1702128186 39 7186829312
1702128246 38 6715629568
1702128306 38 6718648320
1702128366 38 6788730880
1702128426 37 6801014784
1702128486 37 6788898816
1702128546 37 6683148288
1702128606 36 6738038784
1702128666 36 6703259648
1702128726 36 6841159680
1702128786 35 7407714304
1702128846 35 7198629888
1702128906 35 7180439552
1702128966 34 7271776256
1702129026 34 7280730112
1702129086 33 7275241472
1702129146 33 7187075072
1702129206 33 7165100032
1702129266 32 7192104960
1702129326 32 7176527872
1702129386 32 7354097664
1702129446 31 7310475264
1702129506 31 7363506176
1702129566 30 7370338304
1702129626 30 7369908224
1702129686 29 7342821376
1702129746 29 7310319616
1702129806 29 7283048448
1702129866 28 7334248448
1702129926 28 7274020864
1702129986 27 7298281472
1702130046 27 7234846720
1702130106 26 7330820096
1702130166 26 7310782464
1702130226 26 7310032896
1702130286 26 7318302720
1702130347 25 7287324672
1702130406 25 7300767744
1702130466 24 7275012096
1702130526 24 7256600576
1702130586 24 7258615808
1702130646 24 7242387456
1702130706 23 7242678272
1702130766 23 7242702848
1702130826 23 7246139392
1702130886 23 7275651072
1702130946 24 7339139072
1702131006 25 7288221696
1702131066 27 7322869760
1702131126 28 7340724224
1702131186 29 7366754304
1702131246 30 7471529984
1702131306 31 7493517312
1702131366 33 7450132480
1702131426 34 7445753856
1702131486 35 7529250816
1702131546 36 7518195712
1702131606 37 7478657024
1702131666 38 7501258752
1702131726 39 7574507520
1702131786 41 7535136768
1702131846 42 7174356992
1702131907 43 7170912256
1702131912 43 7171317760
1702131917 43 7170965504
1702131922 43 7171035136
1702131927 43 7171788800
1702131932 44 7173533696
1702131937 44 7171592192
1702131942 44 7173447680
1702131947 44 7175827456
1702131952 44 7175651328
1702131957 44 7172677632
1702131962 44 7172100096
1702131967 44 7188447232
1702131972 44 7173324800
1702131977 44 7189917696
1702131982 45 7184125952
1702131987 45 7219486720
1702131992 45 7208628224
1702131997 45 7210160128
1702132002 45 7211343872
1702132007 45 7208230912
1702132012 45 7209381888
1702132017 45 7210717184
1702132022 45 7209848832
1702132027 45 7211307008
1702132032 45 7212310528
1702132037 46 7212306432
1702132042 46 7213281280
1702132047 46 7210569728
1702132052 46 7211409408
1702132057 46 7199248384
1702132062 46 7196999680
1702132067 46 7198134272
1702132072 46 7198572544
1702132077 46 7195783168
1702132082 47 7195549696
1702132087 47 7212498944
1702132092 47 7200260096
1702132097 47 7201329152
1702132102 47 7196561408
1702132107 47 7197261824
1702132112 47 7197073408
1702132117 47 7218962432
1702132122 47 7009054720
1702132127 47 7001718784
1702132132 48 7003906048
1702132137 48 7008190464
1702132142 48 7007207424
1702132147 48 7082885120
1702132152 48 7093391360
1702132157 48 7093391360
1702132162 48 7085105152
1702132167 48 7106523136
1702132172 48 7107293184
1702132177 48 7118577664
1702132182 48 7120105472
1702132187 49 7111778304
1702132192 49 7112568832
1702132197 49 7110557696
1702132202 49 7154294784
1702132207 49 7170129920
1702132212 49 7154454528
1702132217 49 7155068928
1702132222 49 7182888960
1702132227 49 7180664832
1702132232 49 7181086720
1702132237 50 7216807936
1702132242 50 7216443392
1702132247 50 7218524160
1702132252 50 7224627200
1702132257 50 7226109952
1702132262 50 7203336192
1702132267 50 7207424000
1702132272 50 7206825984
1702132277 50 7206776832
1702132282 50 7206240256
1702132287 51 7208300544
1702132292 51 7177003008
1702132297 51 7179788288
1702132302 51 7177322496
1702132307 51 7183581184
1702132312 51 7206150144
1702132317 51 7195594752
1702132322 51 7194886144
1702132327 51 7208697856
1702132332 51 7193890816
1702132337 52 7198523392
1702132342 52 7197732864
1702132347 52 7352918016
1702132352 52 7349878784
1702132357 52 7350259712
1702132362 52 7349170176
1702132367 52 7349551104
1702132372 52 7349276672
1702132377 52 7351427072
1702132382 52 7350493184
1702132387 53 7352029184
1702132392 53 7351795712
1702132397 53 7351922688
1702132402 53 7351205888
1702132407 53 7354261504
1702132412 53 7344758784
1702132417 53 7348322304
1702132422 53 7300108288
1702132427 53 7300882432
1702132432 53 7302373376
1702132437 54 7304486912
1702132442 54 7340769280
1702132447 54 7335206912
1702132452 54 7319461888
1702132457 54 7319347200
1702132462 54 7318925312
1702132467 54 7311626240
1702132472 54 7311409152
1702132477 54 7312519168
1702132482 54 7314178048
1702132487 54 7315369984
1702132492 55 7315529728
1702132497 55 7314915328
1702132502 55 7314145280
1702132507 55 7314341888
1702132512 55 7330725888
1702132517 55 7330582528
1702132522 55 7331291136
1702132527 55 7327326208
1702132532 55 7327129600
1702132537 56 7265357824
1702132542 56 7263203328
1702132547 56 7264247808
1702132552 56 7264960512
1702132557 56 7263662080
1702132562 56 7265701888
1702132567 56 7280680960
1702132572 56 7266099200
1702132577 56 7266811904
1702132582 56 7267291136
1702132587 56 7268306944
1702132592 57 7266054144
1702132597 57 7267287040
1702132602 57 7267880960
1702132607 57 7269027840
1702132612 57 7269355520
1702132617 57 7273504768
1702132622 57 7271948288
1702132627 57 7271989248
1702132632 57 7271976960
1702132637 57 7272374272
1702132642 58 7272800256
1702132647 58 7273959424
1702132652 58 7393067008
1702132657 58 7379771392
1702132662 58 7378444288
1702132667 58 7378538496
1702132672 58 7378620416
1702132677 58 7380881408
1702132682 58 7378518016
1702132687 58 7379406848
1702132692 59 7368962048
1702132697 59 7369207808
1702132702 59 7367901184
1702132707 59 7387639808
1702132712 59 7324893184
1702132717 59 7329140736
1702132722 59 7306428416
1702132727 59 7417761792
1702132732 59 7418900480
1702132737 59 7419400192
1702132742 59 7353737216
1702132747 60 7354392576
1702132752 60 7354597376
1702132757 60 7356387328
1702132762 60 7359762432
1702132767 60 7356026880
1702132772 60 7344881664
1702132777 60 7345508352
1702132782 60 7344807936
1702132787 60 7345008640
1702132792 60 7346442240
1702132797 61 7347572736
1702132802 61 7351488512
1702132807 61 7366787072
1702132812 61 7369826304
1702132817 61 7366569984
1702132822 61 7376535552
1702132827 61 7376097280
1702132832 61 7382228992
1702132837 61 7379517440
1702132842 61 7372750848
1702132847 62 7373926400
1702132852 62 7375036416
1702132857 62 7378649088
1702132862 62 7393099776
1702132867 62 7412547584
1702132872 62 7413067776
1702132877 62 7399075840
1702132882 62 7429734400
1702132887 62 7408091136
1702132892 62 7411261440
1702132897 63 7429435392
1702132902 63 7427985408
1702132907 63 7430287360
1702132912 63 7446097920
1702132917 63 7472041984
1702132922 63 7422971904
1702132927 63 7486988288
1702132932 63 7440539648
1702132937 63 7422992384
1702132942 63 7432015872
1702132947 64 7455502336
1702132952 64 7591772160
1702132957 64 7480479744
1702132962 64 7661879296
1702132967 64 7655895040
1702132972 64 7653195776
1702132977 64 7620222976
1702132982 64 7611674624
1702132987 64 7610417152
1702132992 64 7621664768
1702132997 64 7645810688
1702133002 65 7681175552
1702133007 65 7681425408
1702133012 65 7676796928
1702133017 65 7689588736
1702133022 65 7654195200
1702133027 65 7643705344
1702133032 65 7660445696
1702133037 65 7664766976
1702133042 65 7679168512
1702133047 65 7680761856
1702133052 66 7713566720
1702133057 66 7673876480
1702133062 66 7664660480
1702133067 66 7669448704
1702133072 66 7658369024
1702133077 66 7687122944
1702133082 66 7687364608
1702133087 66 7680282624
1702133092 66 7681814528
1702133097 66 7677550592
1702133102 66 7677464576
1702133107 67 7675187200
1702133112 67 7730892800
1702133117 67 7720304640
1702133122 67 7737438208
1702133127 67 7724863488
1702133132 67 7749935104
1702133137 67 7741657088
1702133142 67 7744606208
1702133147 67 7744110592
1702133152 67 7727452160
1702133157 68 7744606208
1702133162 68 7751139328
1702133167 68 7765065728
1702133172 68 7696531456
1702133177 68 7698968576
1702133182 68 7698972672
1702133187 68 7710871552
1702133192 68 7704678400
1702133197 68 7690194944
1702133202 68 7718473728
1702133207 68 7686938624
1702133212 69 7716511744
1702133217 69 7684829184
1702133222 69 7677468672
1702133227 69 7695269888
1702133232 69 7693160448
1702133237 69 7654727680
1702133242 69 7651303424
1702133247 69 7676915712
1702133252 69 7703683072
1702133257 69 7689408512
1702133262 69 7687159808
1702133267 70 7687507968
1702133272 70 7678857216
1702133277 70 7677370368
1702133282 70 7690805248
1702133287 70 7678087168
1702133292 70 7686127616
1702133297 70 7668994048
1702133302 70 7670829056
1702133307 70 7665254400
1702133312 70 7685107712
1702133317 71 7671291904
1702133322 71 7632666624
1702133327 71 7620632576
1702133332 71 7643000832
1702133337 71 7630872576
1702133342 71 7631077376
1702133347 71 7625658368
1702133352 71 7625347072
1702133357 71 7614455808
1702133362 71 7624368128
1702133367 71 7626551296
1702133372 72 7645544448
1702133377 72 7637254144
1702133382 72 7642140672
1702133387 72 7634366464
1702133392 72 7639695360
1702133397 72 7638351872
1702133402 72 7640035328
1702133407 72 7642415104
1702133412 72 7643529216
1702133417 72 7644954624
1702133422 73 7645577216
1702133427 73 7638482944
1702133432 73 7641104384
1702133437 73 7646478336
1702133442 73 7647588352
1702133447 73 7626100736
1702133452 73 7650816000
1702133457 73 7628664832
1702133462 73 7635570688
1702133467 73 7646072832
1702133472 73 7647514624
1702133477 74 7630573568
1702133482 74 7645638656
1702133487 74 7639871488
1702133492 74 7636656128
1702133497 74 7645175808
1702133502 74 7644389376
1702133507 74 7626399744
1702133512 74 7656206336
1702133517 74 7671058432
1702133522 74 7656095744
1702133527 74 7650914304
1702133532 75 7653806080
1702133537 75 7722987520
1702133542 75 7680143360
1702133547 75 7665922048
1702133552 75 7662313472
1702133557 75 7681904640
1702133562 75 7658463232
1702133567 75 7659446272
1702133572 75 7659294720
1702133577 75 7665680384
1702133582 75 7656624128
1702133587 76 7872966656
1702133592 76 7855464448
1702133597 76 7712665600
1702133602 76 7700463616
1702133607 76 7689973760
1702133612 76 7692152832
1702133617 76 7631958016
1702133622 76 7768309760
1702133627 76 7650979840
1702133632 76 7652323328
1702133637 76 7625957376
1702133642 76 7553200128
1702133647 77 7801716736
1702133652 77 7663607808
1702133657 77 7664807936
1702133662 77 7665131520
1702133667 77 7666991104
1702133672 77 7666933760
1702133677 77 7662694400
1702133682 77 7657578496
1702133687 77 7658913792
1702133692 77 7682953216
1702133697 77 7684112384
1702133702 77 7683596288
1702133707 77 7682412544
1702133712 78 7683383296
1702133717 78 7684734976
1702133722 78 7684108288
1702133727 78 7677919232
1702133732 78 7636516864
1702133737 78 7622832128
1702133742 78 7625650176
1702133747 78 7626579968
1702133752 78 7626694656
1702133757 78 7628156928
1702133762 78 7625916416
1702133767 78 7626612736
1702133772 79 7626756096
1702133777 79 7627894784
1702133782 79 7625785344
1702133787 79 7625449472
1702133792 79 7625162752
1702133797 79 7626006528
1702133802 79 7625625600
1702133807 79 7627214848
1702133812 79 7627378688
1702133817 79 7640551424
1702133822 79 7638040576
1702133827 79 7649927168
1702133832 79 7646523392
1702133837 80 7647002624
1702133842 80 7660269568
1702133847 80 7655469056
1702133852 80 7657168896
1702133857 80 7657811968
1702133862 80 7657787392
1702133867 80 7657746432
1702133872 80 7690657792
1702133877 80 7695593472
1702133882 80 7690153984
1702133887 80 7694127104
1702133892 80 7694827520
1702133897 80 7695851520
1702133902 80 7697428480
1702133907 81 7693787136
1702133912 81 7694782464
1702133917 81 7695331328
1702133922 81 7695532032
1702133927 81 7612641280
1702133932 81 7592824832
1702133937 81 7588868096
1702133942 81 7588794368
1702133947 81 7525855232
1702133952 81 7527170048
1702133957 81 7527329792
1702133962 81 7532036096
1702133967 81 7530106880
1702133972 81 7522660352
1702133977 81 7523971072
1702133982 82 7617794048
1702133987 82 7607148544
1702133992 82 7622709248
1702133997 82 7605129216
1702134002 82 7609929728
1702134007 82 7629885440
1702134012 82 7627022336
1702134017 82 7620444160
1702134022 82 7646777344
1702134027 82 7646060544
1702134032 82 7654522880
1702134037 82 7659360256
1702134042 82 7659782144
1702134047 82 7658872832
1702134052 82 7655067648
1702134057 83 7662997504
1702134062 83 7662915584
1702134067 83 7661686784
1702134072 83 7671439360
1702134077 83 7664594944
1702134082 83 7625728000
1702134087 83 7637159936
1702134092 83 7643009024
1702134097 83 7640743936
1702134102 83 7642746880
1702134107 83 7639162880
1702134112 83 7611949056
1702134117 83 7606714368
1702134122 83 7620239360
1702134127 83 7638364160
1702134132 83 7647121408
1702134137 84 7621918720
1702134142 84 7664103424
1702134147 84 7633195008
1702134152 84 7645917184
1702134157 84 7643230208
1702134162 84 7651287040
1702134167 84 7629078528
1702134172 84 7637250048
1702134177 84 7636434944
1702134182 84 7635566592
1702134187 84 7636971520
1702134192 84 7636713472
1702134197 84 7638884352
1702134202 84 7648124928
1702134207 84 7633723392
1702134212 84 7632703488
1702134217 84 7633727488
1702134222 85 7633240064
1702134227 85 7524884480
1702134232 85 7525208064
1702134237 85 7541415936
1702134242 85 7537508352
1702134247 85 7537729536
1702134252 85 7528771584
1702134257 85 7528988672
1702134262 85 7529226240
1702134267 85 7529648128
1702134272 85 7574552576
1702134277 85 7633170432
1702134282 85 7633297408
1702134287 85 7633637376
1702134292 85 7588081664
1702134297 85 7587876864
1702134302 85 7590301696
1702134307 85 7585525760
1702134312 86 7599054848
1702134317 86 7595593728
1702134322 86 7587016704
1702134327 86 7583821824
1702134332 86 7583588352
1702134337 86 7583780864
1702134342 86 7581687808
1702134347 86 7573639168
1702134352 86 7600107520
1702134357 86 7606804480
1702134362 86 7582023680
1702134367 86 7609503744
1702134372 86 7603810304
1702134377 86 7597924352
1702134382 86 7594962944
1702134387 86 7566594048
1702134392 86 7609073664
1702134397 86 7618490368
1702134402 86 7601262592
1702134407 87 7620136960
1702134412 87 7628816384
1702134417 87 7652003840
1702134422 87 7613231104
1702134427 87 7603961856
1702134432 87 7620317184
1702134437 87 7631089664
1702134442 87 7604592640
1702134447 87 7603073024
1702134452 87 7602085888
1702134457 87 7604244480
1702134462 87 7612026880
1702134467 87 7611056128
1702134472 87 7631937536
1702134477 87 7636697088
1702134482 87 7640625152
1702134487 87 7644413952
1702134492 87 7644999680
1702134497 87 7633788928
1702134502 87 7639408640
1702134507 87 7616106496
1702134512 88 7671160832
1702134517 88 7617912832
1702134522 88 7624712192
1702134527 88 7567249408
1702134532 88 7585943552
1702134537 88 7588868096
1702134542 88 7562813440
1702134547 88 7559880704
1702134552 88 7611744256
1702134557 88 7567306752
1702134562 88 7564726272
1702134567 88 7564566528
1702134572 88 7584071680
1702134577 88 7566536704
1702134582 88 7566864384
1702134587 88 7567740928
1702134592 88 7599423488
1702134597 88 7586365440
1702134602 88 7576907776
1702134607 88 7577591808
1702134612 88 7593046016
1702134617 88 7588745216
1702134622 88 7580413952
1702134627 89 7582474240
1702134632 89 7583232000
1702134637 89 7583297536
1702134642 89 7580119040
1702134647 89 7577927680
1702134652 89 7578112000
1702134657 89 7578222592
1702134662 89 7578157056
1702134667 89 7579000832
1702134672 89 7578386432
1702134677 89 7578443776
1702134682 89 7578259456
1702134687 89 7579283456
1702134692 89 7568748544
1702134697 89 7569707008
1702134702 89 7569936384
1702134707 89 7570546688
1702134712 89 7572295680
1702134717 89 7573176320
1702134722 89 7578112000
1702134727 89 7578267648
1702134732 89 7579684864
1702134737 89 7579955200
1702134742 90 7585689600
1702134747 90 7596462080
1702134752 90 7596130304
1702134757 90 7597916160
1702134762 90 7597608960
1702134767 90 7597473792
1702134772 90 7597883392
1702134777 90 7598379008
1702134782 90 7601704960
1702134787 90 7602110464
1702134792 90 7601823744
1702134797 90 7602294784
1702134802 90 7622815744
1702134807 90 7596392448
1702134812 90 7597133824
1702134817 90 7601451008
1702134822 90 7604097024
1702134827 90 7553044480
1702134832 90 7555653632
1702134837 90 7555723264
1702134842 90 7557570560
1702134847 90 7558291456
1702134852 90 7558103040
1702134857 90 7558377472
1702134862 90 7559016448
1702134867 90 7559811072
1702134872 90 7560101888
1702134877 91 7566782464
1702134882 91 7565922304
1702134887 91 7545016320
1702134892 91 7551016960
1702134897 91 7551238144
1702134902 91 7548674048
1702134907 91 7549284352
1702134912 91 7549628416
1702134917 91 7538622464
1702134922 91 7539060736
1702134927 91 7539560448
1702134932 91 7578697728
1702134937 91 7579578368
1702134942 91 7580274688
1702134947 91 7592833024
1702134952 91 7582674944
1702134957 91 7583735808
1702134962 91 7582982144
1702134967 91 7583371264
1702134972 91 7583309824
1702134977 91 7604162560
1702134982 91 7616630784
1702134987 91 7606169600
1702134992 91 7581360128
1702134997 91 7575904256
1702135002 91 7573000192
1702135007 91 7573643264
1702135012 91 7575531520
1702135017 92 7571058688
1702135022 92 7552012288
1702135027 92 7552614400
1702135032 92 7552798720
1702135037 92 7552602112
1702135042 92 7553445888
1702135047 92 7553994752
1702135052 92 7546273792
1702135057 92 7567675392
1702135062 92 7552782336
1702135067 92 7552438272
1702135072 92 7553339392
1702135077 92 7553261568
1702135082 92 7555297280
1702135087 92 7571300352
1702135092 92 7754264576
1702135097 92 7646564352
1702135102 92 7671934976
1702135107 92 7667679232
1702135112 92 7662473216
1702135117 92 7665577984
1702135122 92 7724343296
1702135127 92 7529840640
1702135132 92 7519875072
1702135137 92 7489470464
1702135142 92 7551197184
1702135147 92 7541518336
1702135152 92 7507107840
1702135157 92 7498592256
1702135162 92 7529627648
1702135167 92 7493488640
1702135172 92 7488901120
1702135177 93 7472472064
1702135182 93 7481888768
1702135187 93 7481303040
1702135192 93 7480561664
1702135197 93 7486390272
1702135202 93 7484772352
1702135207 93 7530143744
1702135212 93 7531057152
1702135217 93 7531520000
1702135222 93 7531696128
1702135227 93 7531499520
1702135232 93 7500627968
1702135237 93 7825448960
1702135242 93 7758159872
1702135247 93 7554973696
1702135252 93 7555629056
1702135257 93 7556866048
1702135262 93 7542837248
1702135267 93 7544156160
1702135272 93 7544991744
1702135277 93 7545860096
1702135282 93 7544995840
1702135287 93 7545618432
1702135292 93 7549063168
1702135297 93 7551492096
1702135302 93 7551627264
1702135307 93 7551807488
1702135312 93 7552397312
1702135317 93 7552352256
1702135322 93 7551987712
1702135327 93 7531483136
1702135332 93 7532068864
1702135337 93 7531065344
1702135342 93 7527518208
1702135347 93 7534751744
1702135352 94 7560916992
1702135357 94 7581581312
1702135362 94 7690362880
1702135367 94 7713972224
1702135372 94 7793954816
1702135377 94 7793176576
1702135382 94 7803748352
1702135387 94 7793172480
1702135392 94 7794778112
1702135397 94 7794978816
1702135402 94 7904165888
1702135407 94 7903866880
1702135412 94 7908720640
1702135417 94 7908831232
1702135422 94 7879655424
1702135427 94 7534215168
1702135432 94 7630659584
1702135437 94 7593484288
1702135442 94 7590023168
1702135447 94 7519862784
1702135452 94 7520096256
1702135457 94 7521341440
1702135462 94 7521837056
1702135467 94 7524208640
1702135472 94 7520493568
1702135477 94 7520333824
1702135482 94 7521230848
1702135487 94 7522668544
1702135492 94 7530950656
1702135497 94 7573929984
1702135502 94 7574048768
1702135507 94 7567421440
1702135512 94 7579910144
1702135517 94 7579262976
1702135522 94 7582228480
1702135527 94 7577530368
1702135532 94 7625740288
1702135537 94 7585771520
1702135542 94 7579688960
1702135547 94 7568355328
1702135552 95 7489503232
1702135557 95 7486410752
1702135562 95 7481462784
1702135567 95 7478915072
1702135572 95 7490027520
1702135577 95 7489548288
1702135582 95 7473090560
1702135587 95 7490433024
1702135592 95 7468531712
1702135597 95 7479451648
1702135602 95 7472140288
1702135607 95 7473192960
1702135612 95 7480094720
1702135617 95 7482609664
1702135622 95 7518494720
1702135627 95 7481405440
1702135632 95 7484022784
1702135637 95 7476031488
1702135642 95 7482302464
1702135647 95 7499481088
1702135652 95 7534485504
1702135657 95 7523282944
1702135662 95 7512670208
1702135667 95 7511924736
1702135672 95 7495323648
1702135677 95 7517102080
1702135682 95 7543418880
1702135687 95 7504306176
1702135692 95 7507353600
1702135697 95 7507324928
1702135702 95 7516917760
1702135707 95 7507496960
1702135712 95 7496773632
1702135717 95 7489400832
1702135722 95 7506051072
1702135727 95 7338864640
1702135732 95 7329062912
1702135737 95 7323414528
1702135742 95 7338471424
1702135747 95 7341441024
1702135752 95 7340376064
1702135757 95 7329947648
1702135762 95 7344504832
1702135767 96 7353540608
1702135772 96 7355207680
1702135777 96 7355953152
1702135782 96 7351021568
1702135787 96 7348326400
1702135792 96 7358758912
1702135797 96 7358308352
1702135802 96 7346040832
1702135807 96 7336153088
1702135812 96 7356907520
1702135817 96 7330050048
1702135822 96 7336968192
1702135827 96 7414587392
1702135832 96 7413485568
1702135837 96 7404302336
1702135842 96 7395303424
1702135847 96 7418994688
1702135852 96 7428358144
1702135857 96 7410503680
1702135863 96 7458775040
1702135868 96 7404720128
1702135873 96 7452659712
1702135878 96 7425724416
1702135883 96 7405719552
1702135888 96 7377424384
1702135893 96 7387811840
1702135898 96 7386005504
1702135903 96 7376805888
1702135908 96 7380500480
1702135913 96 7396843520
1702135918 96 7384973312
1702135923 96 7367405568
1702135928 96 7370735616
1702135933 96 7383228416
1702135938 96 7385444352
1702135943 96 7386013696
1702135948 96 7386103808
1702135953 96 7368904704
1702135958 96 7378714624
1702135963 96 7384240128
1702135968 96 7384571904
1702135973 96 7387512832
1702135978 96 7390384128
1702135983 96 7423180800
1702135988 96 7398625280
1702135993 96 7397404672
1702135998 96 7385579520
1702136003 96 7397036032
1702136008 96 7394660352
1702136013 96 7393857536
1702136018 97 7390453760
1702136023 97 7425929216
1702136028 97 7325597696
1702136033 97 7324590080
1702136038 97 7372009472
1702136043 97 7343730688
1702136048 97 7329902592
1702136053 97 7352229888
1702136058 97 7390486528
1702136063 97 7349837824
1702136068 97 7332474880
1702136073 97 7383265280
1702136078 97 7328956416
1702136083 97 7359488000
1702136088 97 7334363136
1702136093 97 7351017472
1702136098 97 7353106432
1702136103 97 7353233408
1702136108 97 7353659392
1702136113 97 7353901056
1702136118 97 7357771776
1702136123 97 7355187200
1702136128 97 7341207552
1702136133 97 7344562176
1702136138 97 7361236992
1702136143 97 7366422528
1702136148 97 7377018880
1702136153 97 7395209216
1702136158 97 7368134656
1702136163 97 7362072576
1702136168 97 7360315392
1702136173 97 7358021632
1702136178 97 7359328256
1702136183 97 7364919296
1702136188 97 7364722688
1702136193 97 7367028736
1702136198 97 7352516608
1702136203 97 7349383168
1702136208 97 7352696832
1702136213 97 7352180736
1702136218 97 7359746048
1702136223 97 7366418432
1702136228 97 7369125888
1702136233 97 7372124160
1702136238 97 7379070976
1702136243 97 7380414464
1702136248 97 7365050368
1702136253 97 7379980288
1702136258 97 7388356608
1702136263 97 7391723520
1702136268 97 7422697472
1702136273 97 7382708224
1702136278 97 7379947520
1702136283 97 7384657920
1702136288 97 7366389760
1702136293 97 7369809920
1702136298 97 7387336704
1702136303 98 7363796992
1702136308 98 7357714432
1702136313 98 7387791360
1702136318 98 7387840512
1702136323 98 7380369408
1702136328 98 7362584576
1702136333 98 7326654464
1702136338 98 7306936320
1702136343 98 7346446336
1702136348 98 7340302336
1702136353 98 7324536832
1702136358 98 7324393472
1702136363 98 7355879424
1702136368 98 7356006400
1702136373 98 7336935424
1702136378 98 7333851136
1702136383 98 7345283072
1702136388 98 7343251456
1702136393 98 7345557504
1702136398 98 7346491392
1702136403 98 7348310016
1702136408 98 7347916800
1702136413 98 7349215232
1702136418 98 7350665216
1702136423 98 7348441088
1702136428 98 7346900992
1702136433 98 7354847232
1702136438 98 7355670528
1702136443 98 7356104704
1702136448 98 7357472768
1702136453 98 7358119936
1702136458 98 7359279104
1702136463 98 7353499648
1702136468 98 7324504064
1702136473 98 7325253632
1702136478 98 7327002624
1702136483 98 7327846400
1702136488 98 7329103872
1702136493 98 7321907200
1702136498 98 7323058176
1702136503 98 7323062272
1702136508 98 7324352512
1702191898 100 8048377856
1702191957 100 8049053696
1702192017 100 8022675456
1702192060 100 8284282880
1702192065 100 8289849344
1702192070 100 8340434944
1702192075 100 8503025664
1702192080 100 8315105280
1702192085 100 8206667776
1702192090 100 8208158720
1702192095 100 8204787712
1702192100 100 8292163584
1702192105 100 8219410432
1702192110 100 8359481344
1702192115 100 8453718016
1702192120 100 8420442112
1702192125 100 8391798784
1702192130 100 8324341760
1702192135 100 8325611520
1702192140 100 8329584640
1702192145 100 8323059712
1702192150 100 8323756032
1702192155 100 8325177344
1702192160 100 8340013056
1702192165 100 8344612864
1702192170 100 8347463680
1702192175 100 8355188736
1702192180 100 8361209856
1702192185 100 8354185216
1702192190 100 8355332096
1702192195 100 8471138304
1702192200 100 8576679936
1702192205 100 8495673344
1702192210 100 8483307520
1702192215 100 8475717632
1702192220 100 8408502272
1702192225 100 8407842816
1702192230 100 8410669056
1702192235 100 8413032448
1702192240 100 8408522752
1702192245 100 8380952576
1702192250 100 8406261760
1702192255 100 8388681728
1702192260 100 8402718720
1702192265 100 8371650560
1702192270 100 8372350976
1702192275 100 8376778752
1702192280 100 8374419456
1702192285 100 8373682176
1702192290 100 8375156736
1702192295 100 8381882368
1702192300 100 8382914560
1702192305 100 8382316544
1702192310 100 8382185472
1702192315 100 8358252544
1702192320 100 8356556800
1702192325 100 8356986880
1702192330 100 8387395584
1702192335 100 8490037248
1702192340 100 8480346112
1702192345 100 8559398912
1702192350 100 8901971968
1702192355 100 8513253376
1702192360 100 8517267456
1702192365 100 8499957760
1702192370 100 8431865856
1702192375 100 8438042624
1702192380 100 8438038528
1702192385 100 8441573376
1702192390 100 8442748928
1702192395 100 8416542720
1702192400 100 8405450752
1702192405 100 8422379520
1702192410 100 8429584384
1702192415 100 8408350720
1702192420 100 8409346048
1702192425 100 8442974208
1702192430 100 8442368000
1702192435 100 8419889152
1702192440 100 8424108032
1702192445 100 8425926656
1702192450 100 8425701376
1702192455 100 8418992128
1702192460 100 8418947072
1702192465 100 8418865152
1702192470 100 8419852288
1702192475 100 8420401152
1702192480 100 8420782080
1702192485 100 8400269312
1702192490 100 8400576512
1702192495 100 8395325440
1702192500 100 8397004800
1702192505 100 8396963840
1702192510 100 8399769600
1702192515 100 8390885376
1702192520 100 8402259968
1702192525 100 8427298816
1702192530 100 8415936512
1702192535 100 8540737536
1702192540 100 8540528640
1702192545 100 8774758400
1702192550 100 8565895168
1702192555 100 8570081280
1702192560 100 8568012800
1702192565 100 8498003968
1702192570 100 8496889856
1702192575 100 8498028544
1702192580 100 8471257088
1702192585 100 8470917120
1702192590 100 8472100864
1702192595 100 8472739840
1702192600 100 8473001984
1702192605 100 8494379008
1702192610 100 8455507968
1702192615 100 8423178240
1702192620 100 8408092672
1702192625 100 8407760896
1702192630 100 8409939968
1702192635 100 8452079616
1702192640 100 8452063232
1702192645 100 8453144576
1702192650 100 8453255168
1702192655 100 8452608000
1702192660 100 8447836160
1702192665 100 8446586880
1702192670 100 8448032768
1702192675 100 8472653824
1702192680 100 8474382336
1702192685 100 8473231360
1702192690 100 8473636864
1702192695 100 8418426880
1702192700 100 8434466816
1702192705 100 8426500096
1702192711 100 8432484352
1702192716 100 8435871744
1702192721 100 8432832512
1702192726 100 8413589504
1702192731 100 8413151232
1702192736 100 8414654464
1702192741 100 8415739904
1702192746 100 8412803072
1702192751 100 8412598272
1702192756 100 8414400512
1702192761 100 8410783744
1702192766 100 8410693632
1702192771 100 8411508736
1702192776 100 8410333184
1702192781 100 8410537984
1702192786 100 8415576064
1702192791 100 8409620480
1702192796 100 8409862144
1702192801 100 8347889664
1702192806 100 8394371072
1702192811 100 8387887104
1702192816 100 8397090816
1702192821 100 8398135296
1702192826 100 8395821056
1702192831 100 8364732416
1702192836 100 8368037888
1702192841 100 8374657024
1702192846 100 8373219328
1702192851 100 8395644928
1702192856 100 8373850112
1702192861 100 8361783296
1702192866 100 8362876928
1702192871 100 8362795008
1702192876 100 8362991616
1702192881 100 8381386752
1702192886 100 8545378304
1702192891 100 8524296192
1702192896 100 8508743680
1702192901 100 8507830272
1702192906 100 8435200000
1702192911 100 8433299456
1702192916 100 8301793280
1702192921 100 8300269568
1702192926 100 8301486080
1702192931 100 8301797376
1702192936 100 8302743552
1702192941 100 8303415296
1702192946 100 8303751168
1702192951 100 8302960640
1702192956 100 8305086464
1702192961 100 8302157824
1702192966 100 8304386048
1702192971 100 8305000448
1702192976 100 8305938432
1702192981 100 8306446336
1702192986 100 8310460416
1702192991 100 8308133888
1702192996 100 8309223424
1702193001 100 8309264384
1702193006 100 8311914496
1702193011 100 8309846016
1702193016 100 8312614912
1702193021 100 8313065472
1702193026 100 8314408960
1702193031 100 8315240448
1702193036 100 8316952576
1702193041 100 8316682240
1702193046 100 8314699776
1702193051 100 8315572224
1702193056 100 8315301888
1702193061 100 8316428288
1702193066 100 8317755392
1702193071 100 8318013440
1702193076 100 8319205376
1702193081 100 8319361024
1702193086 100 8320098304
1702193091 100 8320507904
1702193096 100 8321720320
1702193101 100 8322265088
1702193106 100 8325574656
1702193111 100 8325976064
1702193116 100 8326217728
1702193121 100 8325963776
1702193126 100 8403296256
1702193131 100 8417718272
1702193136 100 8484007936
1702193141 100 8607531008
1702193146 100 8616570880
1702193151 100 8646488064
1702193156 100 8619343872
1702193161 100 8587649024
1702193166 100 8566964224
1702193171 100 8568356864
1702193176 100 8568713216
1702193181 100 8598061056
1702193186 100 8598679552
1702193191 100 8599658496
1702193196 100 8602791936
1702193201 100 8601993216
1702193206 100 8602611712
1702193211 100 8603492352
1702193216 100 8524062720
1702193221 100 8524685312
1702193226 100 8527851520
1702193231 100 8531238912
1702193236 100 8260153344
1702193241 100 8232505344
1702193246 100 8234295296
1702193251 100 8235102208
1702193256 100 8232632320
1702193261 100 8229285888
1702193266 100 8230801408
1702193271 100 8229335040
1702193276 100 8230215680
1702193281 100 8228020224
1702193286 100 8230903808
1702193291 100 8232534016
1702193296 100 8223547392
1702193301 100 8236965888
1702193306 100 8222908416
1702193311 100 8222384128
1702193316 100 8224092160
1702193321 100 8223293440
1702193326 100 8222658560
1702193331 100 8221360128
1702193336 100 8222138368
1702193341 100 8241758208
1702193346 100 8229240832
1702193351 100 8243478528
1702193356 100 8231182336
1702193361 100 8226390016
1702193366 100 8227360768
1702193371 100 8226676736
1702193376 100 8226373632
1702193381 100 8224477184
1702193386 100 8225878016
1702193391 100 8224342016
1702193396 100 8224395264
1702193401 100 8224423936
1702193406 100 8267370496
1702193411 100 8266833920
1702193416 100 8267485184
1702193421 100 8221614080
1702193426 100 8222892032
1702193431 100 8223092736
1702193436 100 8226684928
1702193441 100 8224980992
1702193446 100 8225312768
1702193451 100 8233725952
1702193456 100 8235339776
1702193461 100 8235384832
1702193466 100 8233664512
1702193471 100 8233160704
1702193476 100 8233349120
1702193481 100 8230944768
1702193486 100 8232894464
1702193491 100 8248070144
1702193496 100 8259518464
1702193501 100 8264974336
1702193506 100 8442966016
1702193511 100 8461021184
1702193516 100 8460398592
1702193521 100 8408764416
1702193526 100 8394211328
1702193531 100 8378253312
1702193536 100 8440066048
1702193541 100 8441503744
1702193546 100 8451293184
1702193551 100 8454369280
1702193556 100 8525758464
1702193561 100 8521781248
1702193566 100 8512491520
1702193571 100 8514871296
1702193576 100 8449187840
1702193581 100 8451166208
1702193586 100 8576872448
1702193591 100 8780754944
1702193596 99 8576696320
1702193601 99 8576626688
1702193606 99 8595181568
1702193611 99 8602566656
1702193616 99 8727076864
1702193621 99 8608124928
1702193626 99 8604188672
1702193631 99 8604639232
1702193636 99 8538062848
1702193641 99 8542556160
1702193646 99 8544681984
1702193651 99 8541708288
1702193656 99 8532144128
1702193661 99 8497041408
1702193666 99 8507899904
1702193671 99 8498278400
1702193676 99 8500363264
1702193681 99 8482021376
1702193686 99 8482168832
1702193691 99 8462274560
1702193696 99 8471425024
1702193701 98 8456650752
1702193706 98 8471220224
1702193711 98 8471576576
1702193716 98 8472064000
1702193721 98 8498352128
1702193726 98 8502571008
1702193731 98 8489918464
1702193736 98 8481431552
1702193741 98 8474972160
1702193746 98 8473300992
1702193751 98 8463372288
1702193756 98 8463474688
1702193761 98 8465113088
1702193766 98 8465735680
1702193771 98 8465686528
1702193776 98 8462422016
1702193781 98 8462987264
1702193786 98 8484679680
1702193791 98 8467017728
1702193796 98 8483176448
1702193801 98 8465354752
1702193806 98 8466542592
1702193811 98 8468561920
1702193816 97 8401842176
1702193821 97 8401035264
1702193826 97 8404516864
1702193831 97 8400486400
1702193836 97 8444338176
1702193841 97 8445042688
1702193846 97 8427376640
1702193851 97 8427597824
1702193856 97 8428421120
1702193861 97 8425590784
1702193866 97 8427708416
1702193871 97 8428933120
1702193876 97 8432574464
1702193881 97 8432156672
1702193886 97 8430637056
1702193891 97 8431775744
1702193896 97 8423923712
1702193901 97 8424116224
1702193906 97 8425140224
1702193911 97 8426504192
1702193916 97 8430628864
1702193921 97 8430755840
1702193926 97 8429682688
1702193931 96 8431210496
1702193936 96 8444624896
1702193941 96 8471961600
1702193975 96 8538017792
1702194005 96 8486088704
1702194035 96 8462004224
1702194065 95 8467456000
1702194274 93 8072740864
1702194334 93 7989301248
1702194394 92 8145170432
1702194454 92 7628767232
1702194514 91 7682535424
1702194574 90 7676653568
1702194634 90 7571955712
1702194694 89 7551209472
1702194754 89 7267340288
1702194814 88 7407816704
1702194874 88 7367327744
1702194934 87 7455715328
1702194994 87 7596851200
1702195054 86 7531102208
1702195114 85 7519625216
1702195174 85 7516946432
1702195234 84 7508455424
1702195294 84 7520317440
1702195354 83 7970324480
1702195414 83 7900401664
1702195474 82 7877816320
1702195534 82 7903621120
1702195594 81 8374210560
1702195654 81 8238383104
1702195714 81 8169852928
1702195774 82 8148525056
1702195834 83 8167243776
1702195894 84 8182538240
1702195954 85 8101412864
1702196014 85 8046821376
1702196074 86 8022589440
1702196134 87 8151154688
1702196194 87 8259510272
1702196254 88 8288366592
1702196314 89 8137072640
1702196374 89 8481906688
1702196434 89 8089235456
1702196494 90 8078012416
1702196554 91 8684822528
1702196614 91 8468463616
1702196674 92 8265887744
1702196734 92 8326135808
1702196794 92 8526557184
1702196854 93 8505819136
1702196914 93 8071467008
1702196974 94 8063008768
1702197034 94 8056406016
1702197094 94 8055664640
1702197154 95 8009043968
1702197214 95 7996448768
1702197274 95 7967363072
1702197334 96 7960858624
1702197394 96 7960834048
1702197454 96 7784423424
1702197514 96 7804846080
1702197574 97 7806484480
1702197634 97 7801479168
1702197694 97 7746105344
1702197754 97 7525621760
1702197814 97 7520542720
1702197874 98 7539347456
1702197934 98 7555854336
1702197994 98 7557550080
1702198054 98 7520923648
1702198114 98 7430029312
1702198174 99 7659257856
1702198234 99 7812247552
1702198294 99 7848259584
1702198354 99 7843700736
1702198414 99 7774339072
1702198474 99 7876243456
1702198534 99 7961104384
1702198594 100 8084848640
1702198654 100 7961563136
1702198714 100 8262512640
1702198774 100 8435486720
1702198834 100 8561750016
1702198894 100 8632127488
1702198954 100 8268800000
1702199014 100 8295186432
1702199074 100 8322396160
1702199134 100 8353071104
1702199194 100 9646264320
1702199254 100 10206441472
1702199314 100 10111291392
1702199374 100 10049880064
1702199479 100 10093318144
1702199539 99 10101903360
1702199599 99 10209570816
1702199659 98 10275487744
1702199719 98 10196738048
1702199779 97 10232451072
1702199839 97 10364825600
1702199899 96 10481831936
1702199959 96 10465189888
1702200019 95 10458939392
1702200079 95 10408288256
1702200139 95 10494902272
1702200199 94 10464436224
1702200259 94 10456055808
1702200319 93 10457706496
1702200379 93 10375995392
1702200439 92 10352398336
1702200499 92 10352504832
1702200559 92 10351476736
1702200619 91 10355187712
1702200679 91 10353483776
1702200739 90 10417795072
1702200799 90 10374197248
1702200859 89 10347261952
1702200919 89 10358767616
1702200979 89 10360086528
1702201039 88 10377170944
1702201099 88 10323496960
1702201159 87 10320576512
1702201219 87 10321534976
1702201279 87 10324033536
1702201339 86 10285699072
1702201399 86 10287607808
1702201459 86 10288754688
1702201519 85 10334978048
1702201579 85 10316247040
1702201639 84 10143633408
1702201699 84 10146082816
1702201759 83 10149445632
1702201819 83 10149429248
1702201879 83 10148192256
1702201939 82 9781456896
1702201999 82 9757982720
1702202059 81 9758756864
1702202119 81 9763762176
1702202179 81 9762246656
1702202239 80 9199927296
1702202299 80 9202147328
1702202359 80 9083957248
1702202419 79 9084194816
1702202479 79 9082433536
1702202539 79 9431658496
1702203532 78 10685378560
1702203592 77 10454499328
1702203652 77 10258587648
1702203712 76 9200513024
1702203772 76 9084383232
1702203832 75 9070153728
1702203892 75 9056653312
1702203952 75 9051680768
1702204012 74 8958513152
1702204072 74 8914325504
1702204132 73 8910209024
1702204192 73 9650544640
1702204252 72 8941486080
1702211072 48 8498855936
1702211115 48 8498577408
1702211120 48 8498929664
1702211125 48 8500699136
1702211130 48 8501518336
1702211135 48 8502018048
1702211140 48 8514535424
1702211145 48 8514936832
1702211150 48 8746811392
1702211155 48 8773050368
1702211160 48 8560865280
1702211165 48 8564940800
1702211170 48 8566562816
1702211175 48 8568610816
1702211180 48 8521760768
1702211185 48 8523280384
1702211190 48 8522579968
1702211195 48 8524582912
1702211200 47 8525615104
1702211205 47 8526233600
1702211210 47 8518344704
1702211215 47 8519573504
1702211220 47 8520134656
1702211225 47 8508813312
1702211230 47 8507326464
1702211235 47 8509845504
1702211240 47 8508616704
1702211245 47 8525553664
1702211250 47 8513073152
1702211255 47 8511021056
1702211260 47 8510345216
1702211265 47 8511328256
1702211270 47 8506286080
1702211275 47 8506404864
1702211280 47 8503508992
1702211285 47 8504279040
1702211290 47 8504627200
1702211295 47 8505356288
1702211300 47 8504664064
1702211305 47 8503263232
1702211310 47 8575221760
1702211315 47 8614019072
1702211320 47 8613502976
1702211325 47 8614748160
1702211330 47 8614752256
1702211335 47 8567869440
1702211340 47 8567476224
1702211345 46 8568160256
1702211350 46 8568520704
1702211355 46 8569815040
1702211360 46 8570089472
1702211365 46 8569294848
1702211370 46 8566210560
1702211375 46 8566501376
1702211380 46 8566820864
1702211385 46 8576405504
1702211390 46 8599007232
1702211395 46 8611192832
1702211400 46 8544514048
1702211405 46 8545251328
1702211410 46 8545824768
1702211415 46 8593883136
1702211420 46 8596164608
1702211425 46 8595779584
1702211430 46 8598683648
1702211435 46 8614526976
1702211440 46 8602947584
1702211445 46 8603287552
1702211450 46 8562397184
1702211455 46 8553385984
1702211460 46 8550617088
1702211465 46 8483119104
1702211470 46 8487264256
1702211475 46 8491249664
1702211480 46 8492703744
1702211485 46 8493461504
1702211490 46 8493809664
1702211495 46 8494264320
1702211500 46 8495570944
1702211505 45 8496889856
1702211510 45 8496787456
1702211515 45 8499183616
1702211520 45 8502685696
1702211525 45 8502632448
1702211530 45 8503128064
1702211535 45 8505282560
1702211540 45 8505602048
1702211545 45 8506675200
1702211550 45 8507326464
1702211555 45 8509407232
1702211560 45 8459194368
1702211565 45 8506241024
1702211570 45 8539189248
1702211575 45 8584073216
1702211580 45 8583147520
1702211585 45 8598020096
1702211590 45 8594423808
1702211595 45 8580681728
1702211600 45 8580497408
1702211605 45 8562679808
1702211610 45 8565985280
1702211615 45 8561344512
1702211649 44 8528109568
1702211659 44 8528281600
1702211664 44 8520835072
1702211669 44 8519434240
1702211674 44 8519352320
1702211679 44 8519507968
1702211684 44 8520437760
1702211689 44 8521093120
1702211694 44 8522854400
1702211699 44 8536584192
1702211704 44 8560152576
1702211709 44 8748240896
1702211714 44 9288331264
1702211719 44 10283069440
1702211724 44 10837876736
1702211729 44 11720974336
1702211734 43 11549970432
1702211739 43 11564707840
1702211744 43 11793350656
1702211749 43 11714748416
1702211754 43 11501985792
1702211759 43 11696156672
1702211764 43 11797319680
1702211769 43 11970908160
1702211774 43 11954733056
1702211779 43 12056293376
1702211784 42 12441673728
1702211789 42 12671266816
1702211794 42 12654346240
1702211799 42 12212334592
1702211804 42 12167135232
1702211809 42 12227592192
1702211814 42 12223234048
1702211819 42 12032856064
1702211824 42 11826724864
1702211829 42 12023005184
1702211834 42 11995840512
1702211839 42 11970392064
1702211844 42 11944091648
1702211849 42 11945472000
1702211854 42 11937689600
1702211859 43 11867381760
1702211864 43 11824185344
1702211869 43 11645612032
1702211874 43 11685728256
1702211879 43 11661594624
1702211884 43 11814379520
1702211889 43 11873644544
1702211894 43 11913748480
1702211899 43 11854524416
1702211904 43 11871498240
1702211909 43 12031291392
1702211914 43 12321660928
1702211919 43 12325101568
1702211924 43 12310642688
1702211929 43 12104622080
1702211934 44 12096192512
1702211939 44 12119199744
1702211944 44 12051365888
1702211949 44 12145491968
1702211954 44 12040638464
1702211959 44 12033892352
1702211964 44 12054790144
1702211969 44 12046356480
1702211974 44 12074827776
1702211979 44 11620093952
1702211984 44 11324309504
1702211989 45 10840748032
1702211994 45 10177363968
1702211999 45 6113837056
1702212004 45 6103289856
1702212009 45 6100852736
1702212014 45 6104928256
1702212019 45 6101692416
1702212024 45 6103523328
1702212029 45 6102876160
1702212034 45 6175719424
1702212039 45 6182162432
1702212044 45 6165274624
1702212049 46 5645774848
1702212054 46 5644091392
1702212059 46 5646123008
1702212064 46 5647376384
1702212069 46 5650100224
1702212074 46 5650903040
1702212079 46 5651513344
1702212084 46 5879382016
1702212089 46 5882200064
1702212094 46 5883555840
1702212099 47 5885538304
1702212104 47 5886111744
1702212109 47 5887070208
1702212114 47 5888786432
1702212119 47 5890658304
1702212124 47 5891215360
1702212129 47 5893300224
1702212134 47 5894602752
1702212139 47 5895585792
1702212144 47 5896966144
1702212149 47 5901152256
1702212154 48 5902131200
1702212159 48 5902954496
1702212164 48 5904338944
1702212169 48 5907050496
1702212174 48 5910716416
1702212179 48 5910331392
1702212184 48 5908684800
1702212189 48 5927297024
1702212194 48 5913120768
1702212199 48 5915295744
1702212204 49 5915402240
1702212209 49 5917806592
1702212214 49 5919481856
1702212219 49 5920399360
1702212224 49 5921284096
1702212229 49 5916258304
1702212234 49 5912588288
1702212239 49 5910528000
1702212244 49 5906108416
1702212249 49 5926072320
1702212254 50 5927546880
1702212259 50 5928341504
1702212264 50 5929615360
1702212269 50 5928513536
1702212274 50 5929312256
1702212279 50 5912018944
1702212284 50 5930401792
1702212289 50 5921771520
1702212294 50 5999783936
1702212299 50 6004912128
1702212300 50 6021627904
1702212305 51 6010789888
1702212310 51 5977579520
1702212315 51 5916405760
1702212320 51 5917171712
1702212325 51 5917110272
1702212330 51 5917966336
1702212335 51 5919600640
1702212340 51 5920866304
1702212345 51 5638172672
1702212350 51 5615513600
1702212355 51 5619281920
1702212360 52 5619855360
1702212365 52 5620506624
1702212370 52 5621657600
1702212375 52 5622595584
1702212380 52 5603287040
1702212385 52 5605265408
1702212390 52 5605859328
1702212395 52 5607178240
1702212400 52 5608017920
1702212405 52 5610188800
1702212410 52 5612040192
1702212415 53 5611069440
1702212420 53 5612077056
1702212425 53 5613735936
1702212430 53 5615132672
1702212435 53 5616422912
1702212440 53 5616951296
1702212445 53 5617381376
1702212450 53 5618409472
1702212455 53 5619302400
1702212460 53 5624852480
1702212465 54 5664735232
1702212470 54 5669527552
1702212475 54 5671645184
1702212480 54 5676994560
1702212485 54 5675405312
1702212490 54 5676580864
1702212495 54 5678022656
1702212500 54 5682114560
1702212505 54 5684424704
1702212510 54 5684166656
1702212515 55 5683490816
1702212520 55 5684097024
1702212525 55 5688193024
1702212530 55 5688008704
1702212535 55 5687848960
1702212540 55 5691469824
1702212545 55 5692997632
1702212550 55 5695852544
1702212555 55 5696851968
1702212560 55 5697716224
1702212565 55 5698461696
1702212570 56 5699743744
1702212575 56 5700935680
1702212580 56 5701648384
1702212585 56 5701820416
1702212590 56 5703311360
1702212595 56 5703950336
1702212600 56 5706227712
1702212605 56 5705629696
1702212610 56 5707489280
1702212615 56 5707935744
1702212620 57 5709574144
1702212625 57 5710909440
1702212630 57 5709561856
1702212635 57 5710508032
1702212640 57 5712138240
1702212645 57 5721600000
1702212650 57 5720174592
1702212655 57 5722255360
1702212660 57 5723090944
1702212665 57 5725454336
1702212670 58 5726396416
1702212675 58 5730361344
1702212680 58 5731344384
1702212685 58 5732020224
1702212690 58 5736468480
1702212695 58 5738340352
1702212700 58 5738848256
1702212705 58 5739929600
1702212710 58 5741993984
1702212715 58 5742510080
1702212720 58 5741535232
1702212725 59 5742387200
1702212730 59 5743288320
1702212735 59 5744672768
1702212740 59 5745332224
1702212745 59 5745139712
1702212750 59 5747257344
1702212755 59 5748322304
1702212760 59 5750177792
1702212765 59 5751242752
1702212770 59 5754085376
1702212775 60 5755101184
1702212780 60 5761495040
1702212785 60 5758115840
1702212790 60 5759299584
1702212795 60 5760716800
1702212800 60 5762560000
1702212805 60 5763854336
1702212810 60 5767663616
1702212815 60 5767491584
1702212820 60 5768982528
1702212825 61 5771055104
1702212830 61 5772255232
1702212835 61 5773578240
1702212840 61 5773017088
1702212845 61 5773352960
1702212850 61 5775192064
1702212855 61 5775847424
1702212860 61 5779431424
1702287341 96 8748830720
1702287400 96 8546271232
1702287460 95 8513568768
1702287520 95 8427737088
1702287580 95 8443584512
1702287627 94 8574713856
1702287628 94 8542978048
1702287629 94 8518475776
1702287634 94 8506462208
1702287672 94 7812034560
1702287677 94 7811846144
1702287682 94 7883468800
1702287687 94 7861329920
1702287692 94 7861608448
1702287697 94 7861616640
1702287702 94 8010780672
1702287707 94 7984570368
1702287712 94 7982059520
1702287717 94 7909928960
1702287722 94 7910268928
1702287727 94 7912087552
1702287732 94 7892914176
1702287737 93 7894491136
1702287742 93 7919054848
1702287747 93 7895195648
1702287752 93 7884378112
1702287757 93 7884464128
1702287762 93 7838912512
1702287767 93 7841640448
1702287772 93 7842873344
1702287777 93 7844376576
1702287782 93 7845302272
1702287787 93 7830110208
1702287792 93 7832596480
1702287797 93 7833702400
1702287802 93 7787474944
1702287807 93 7789277184
1702287812 93 7793512448
1702287817 93 7795650560
1702287822 93 7795408896
1702287827 93 7838060544
1702287832 93 7839715328
1702287837 93 7827116032
1702287842 93 7825268736
1702287847 93 7824179200
1702287852 93 7823712256
1702287857 93 7824932864
1702287862 93 7826710528
1702287867 93 7825629184
1702287872 93 7827771392
1702287877 93 7831896064
1702287882 93 7831867392
1702287887 93 7835336704
1702287892 93 7836192768
1702287897 93 7837548544
1702287902 93 7837663232
1702287907 92 7840038912
1702287912 92 7839264768
1702287917 92 7840186368
1702287922 92 7842668544
1702287927 92 7844044800
1702287932 92 7891353600
1702287937 92 7892090880
1702287942 92 7884857344
1702287947 92 7886508032
1702287952 92 7886442496
1702287957 92 7885524992
1702287962 92 7885594624
1702287967 92 7886712832
1702287972 92 7884677120
1702287977 92 7885651968
1702287982 92 7885979648
1702287987 92 7888703488
1702287992 92 7880794112
1702287997 92 7857819648
1702288002 92 7857778688
1702288007 92 7842095104
1702288012 92 7843868672
1702288017 92 7845605376
1702288022 92 7863087104
1702288027 92 7834734592
1702288032 92 7834542080
1702288037 92 7836000256
1702288042 92 7836278784
1702288047 92 7840210944
1702288052 92 7841525760
1702288057 92 7842091008
1702288062 92 7842816000
1702288067 92 7843975168
1702288072 92 7844179968
1702288077 92 7845486592
1702288082 92 7845916672
1702288087 91 7844712448
1702288092 91 7843454976
1702288097 91 7844974592
1702288102 91 7844229120
1702288107 91 7845847040
1702288112 91 7847002112
1702288117 91 7849402368
1702288122 91 7848587264
1702288127 91 7850758144
1702288132 91 7850762240
1702288137 91 7851909120
1702288142 91 7854927872
1702288147 91 7856357376
1702288152 91 7858995200
1702288157 91 7860248576
1702288162 91 7860715520
1702288167 91 7845208064
1702288172 91 7846285312
1702288177 91 7848112128
1702288182 91 7847682048
1702288187 91 7848763392
1702288192 91 7848714240
1702288197 91 7849017344
1702288202 91 7849422848
1702288207 91 7851495424
1702288212 91 7866585088
1702288217 91 7854190592
1702288222 91 7852527616
1702288227 91 7854084096
1702288232 91 7856357376
1702288237 91 7862005760
1702288242 91 7861010432
1702288247 91 7863046144
1702288252 91 7864971264
1702288257 91 7866392576
1702288262 91 7866224640
1702288267 90 7871197184
1702288272 90 7871340544
1702288277 90 7872450560
1702288282 90 7875547136
1702288287 90 7870562304
1702288292 90 7870377984
1702288297 90 7870054400
1702288302 90 7867576320
1702288307 90 7868358656
1702288312 90 7868878848
1702288317 90 7869964288
1702288322 90 7870427136
1702288327 90 7871569920
1702288332 90 7873904640
1702288337 90 7891402752
1702288342 90 7900217344
1702288347 90 7906033664
1702288352 90 7884550144
1702288357 90 7886929920
1702288362 90 7886794752
1702288367 90 7890571264
1702288372 90 7890350080
1702288377 90 7892037632
1702288382 90 7895351296
1702288387 90 7879532544
1702288392 90 7880409088
1702288397 90 7881752576
1702288402 90 7899217920
1702288407 90 7886528512
1702288412 90 7889235968
1702288417 90 7888072704
1702288423 90 7750230016
1702288482 89 7547363328
1702288532 89 7490895872
1702288542 89 7490416640
1702288547 89 7461912576
1702288552 89 7463817216
1702288554 89 7457701888
1702288614 88 7354511360
1702288674 88 7293222912
1702288734 88 7275094016
1702292819 85 7119839232
1702292879 85 7561773056
1702292939 85 7502868480
1702292947 84 7536443392
1702292952 84 7537119232
1702293013 84 7522054144
1702293065 84 7765688320
1702293124 84 7558279168
1702319080 78 7662977024
1702322353 99 6111207424
1702322412 99 6115004416
1702322472 100 6112505856
1702404421 52 7691231232
